ZAKONICZYN
54.32250418974712, 18.577013983058166

CHEŁM
54.339874887266255, 18.61911447237194
54.34364239812161, 18.611324255689528

UJEŚCISKO
54.32989880141416, 18.58941415826251

NIEDŹWIEDNIK MATEMBLEWO
54.36348777914946, 18.56051040675384
54.37688586255412, 18.565474538702983

SIEDLCE SUCHANINO ANIOŁKI
54.34691670761405, 18.61707522318687
54.35454135069877, 18.60325402310983
54.36326818239298, 18.63151845668891

STOGI
54.38121652752515, 18.696915670560482
54.36084118321651, 18.73709635447553
54.35520547233728, 18.769863675523222
54.38197948551787, 18.674009635551556
54.3615072841614, 18.67767364522148

ORUNIA
54.3203318566842, 18.636765543466105
54.33649359131443, 18.675739891077985
54.345413494805946, 18.725973493388974
54.34844245572244, 18.657551862655033

PRZYMORZE
54.410750506982744, 18.59759555319232
54.396372705772805, 18.60167837287359

NOWY PORT
54.400888591175324, 18.663533072952738
54.38805266806402, 18.649651490375764

WRZESZCZ DOLNY
54.38723569129858, 18.6168476422137

OSOWA
54.41882820167246, 18.479809996306727
54.29000827221633, 18.22394108467874
54.37419554484306, 18.50710125825803
54.339532686607114, 18.549628474957295
54.35218842383347, 18.592726645931073
54.3539914750157, 18.491102097400937

WRZESZCZ GÓRNY
54.38038599227804, 18.598513017344708
54.4064986164908, 18.563091817434227
54.391188042689265, 18.570868651171256

BRZEŹNO
54.405872518106136, 18.63385268450941

ŁOSTOWICE
54.31249785649344, 18.593778295159005

CZYŻYSKIEOG
54.418439793316324, 18.56035204844
